     1e-03    32     128   adamw   36.6934   30.5983    1.9787   21.1
     3e-03    16      64   adamw   41.7775   23.2739    1.9792   11.3
     3e-03    32     128    muon   36.6739   30.5976    1.9795   21.5
     3e-03     8      32    muon   35.8226   18.3241    1.9857    6.8
     3e-03    32     128   adamw   36.7363   30.6279    1.9871   21.1
     3e-03    16      64    muon   41.7945   23.3477    1.9873   11.7
     6e-04    32     128   adamw   36.7502   30.6763    1.9899   21.1
     3e-03     4      16    muon   39.2550   15.1307    1.9915    4.4
     1e-03    16      64   adamw   41.8074   23.3246    1.9941   11.3
     6e-04    16      64   adamw   41.8407   23.3332    1.9942   11.3
     1e-03     8      32   adamw   35.8690   18.3721    1.9995    6.4
     1e-03     4      16   adamw   39.3586   15.1688    2.0067    3.9
     6e-04     8      32   adamw   35.9133   18.4188    2.0070    6.4
     3e-03     8      32   adamw   35.9071   18.4005    2.0076    6.4
     3e-04    32     128   adamw   36.8170   30.7536    2.0087   21.1
     6e-04     4      16   adamw   39.3877   15.1697    2.0111    3.9
     3e-04    16      64   adamw   41.9257   23.4596    2.0131   11.3
     3e-04     8      32   adamw   35.9211   18.4541    2.0132    6.4
     3e-03     4      16   adamw   39.3868   15.1731    2.0136    3.9
     1e-04    32     128   adamw   36.8582   30.8064    2.0146   21.1
     3e-04     4      16   adamw   39.4013   15.1828    2.0147    3.9
     1e-04     8      32   adamw   35.9300   18.4825    2.0150    6.4
     1e-03    32     128    muon   36.8524   30.8315    2.0152   21.5
     1e-04    16      64   adamw   41.9536   23.4969    2.0158   11.3
     1e-03    16      64    muon   41.9537   23.4994    2.0159   11.7
     1e-03     8      32    muon   35.9353   18.4989    2.0162    6.8
     1e-04     4      16   adamw   39.4260   15.2138    2.0170    3.9
     1e-03     4      16    muon   39.4237   15.2204    2.0185    4.4
     6e-04    32     128    muon   37.8868   31.6801    2.0735   21.6
     6e-04    16      64    muon   43.2340   24.2237    2.0794   11.7
     6e-04     8      32    muon   37.1100   18.9761    2.0838    6.8
     6e-04     4      16    muon   40.8866   15.7733    2.0896    4.4
     3e-04    32     128    muon   41.6795   34.7559    2.2749   21.6
     3e-04    16      64    muon   47.4663   26.6048    2.2785   11.7
     3e-04     8      32    muon   40.7569   20.8214    2.2820    6.8
     3e-04     4      16    muon   44.8528   17.3556    2.2848    4.4
     1e-04    32     128    muon   43.4336   36.1459    2.3670   21.6
     1e-04    16      64    muon   49.3942   27.6871    2.3679   11.7
     1e-04     8      32    muon   42.3720   21.6945    2.3686    6.8
     1e-04     4      16    muon   46.5551   18.0555    2.3691    4.3
================================================================================

